-1.07650 0.03386
-1.06796 0.03377
-1.05942 0.03370
-1.05089 0.03362
-1.04238 0.03356
-1.03388 0.03351
-1.02541 0.03348
-1.01696 0.03347
-1.00855 0.03348
-1.00017 0.03352
-0.99184 0.03359
-0.98355 0.03369
-0.97531 0.03383
-0.96712 0.03401
-0.95900 0.03423
-0.95094 0.03449
-0.94294 0.03480
-0.93502 0.03517
-0.92717 0.03558
-0.91941 0.03605
-0.91173 0.03658
-0.90413 0.03716
-0.89663 0.03781
-0.88922 0.03852
-0.88191 0.03930
-0.87471 0.04014
-0.86761 0.04105
-0.86063 0.04204
-0.85375 0.04309
-0.84699 0.04422
-0.84036 0.04542
-0.83384 0.04669
-0.82745 0.04804
-0.82120 0.04946
-0.81507 0.05096
-0.80908 0.05254
-0.80322 0.05419
-0.79751 0.05592
-0.79193 0.05772
-0.78650 0.05960
-0.78122 0.06155
-0.77609 0.06358
-0.77111 0.06567
-0.76628 0.06784
-0.76160 0.07008
-0.75709 0.07239
-0.75272 0.07476
-0.74852 0.07720
-0.74448 0.07971
-0.74060 0.08227
-0.73689 0.08489
-0.73333 0.08757
-0.72995 0.09031
-0.72672 0.09309
-0.72367 0.09592
-0.72078 0.09880
-0.71805 0.10172
-0.71550 0.10468
-0.71311 0.10768
-0.71089 0.11071
-0.70884 0.11376
-0.70696 0.11684
-0.70524 0.11995
-0.70369 0.12307
-0.70231 0.12620
-0.70110 0.12935
-0.70005 0.13250
-0.69917 0.13565
-0.69845 0.13880
-0.69789 0.14194
-0.69750 0.14507
-0.69727 0.14818
-0.69720 0.15127
-0.69729 0.15434
-0.69754 0.15737
-0.69795 0.16038
-0.69851 0.16334
-0.69922 0.16626
-0.70009 0.16914
-0.70111 0.17196
-0.70228 0.17472
-0.70360 0.17742
-0.70506 0.18006
-0.70667 0.18263
-0.70842 0.18512
-0.71031 0.18753
-0.71234 0.18987
-0.71451 0.19211
-0.71681 0.19426
-0.71924 0.19632
-0.72181 0.19827
-0.72450 0.20013
-0.72731 0.20188
-0.73026 0.20351
-0.73332 0.20504
-0.73650 0.20644
-0.73980 0.20772
-0.74322 0.20888
-0.74675 0.20992
-0.75038 0.21082
-0.75413 0.21159
-0.75798 0.21223
-0.76194 0.21273
-0.76599 0.21309
-0.77015 0.21330
-0.77440 0.21338
-0.77874 0.21330
-0.78318 0.21309
-0.78770 0.21272
-0.79232 0.21220
-0.79702 0.21153
-0.80180 0.21071
-0.80666 0.20974
-0.81159 0.20862
-0.81661 0.20734
-0.82170 0.20591
-0.82686 0.20432
-0.83208 0.20259
-0.83738 0.20070
-0.84274 0.19866
-0.84816 0.19647
-0.85365 0.19413
-0.85919 0.19165
-0.86479 0.18901
-0.87044 0.18624
-0.87615 0.18331
-0.88190 0.18025
-0.88771 0.17705
-0.89356 0.17372
-0.89946 0.17025
-0.90540 0.16664
-0.91138 0.16292
-0.91740 0.15906
-0.92346 0.15509
-0.92955 0.15100
-0.93568 0.14679
-0.94184 0.14247
-0.94803 0.13805
-0.95426 0.13352
-0.96050 0.12889
-0.96678 0.12418
-0.97308 0.11937
-0.97940 0.11447
-0.98574 0.10950
-0.99211 0.10445
-0.99849 0.09933
-1.00489 0.09415
-1.01130 0.08890
-1.01773 0.08360
-1.02417 0.07825
-1.03062 0.07286
-1.03709 0.06742
-1.04356 0.06195
-1.05003 0.05646
-1.05652 0.05094
-1.06300 0.04540
-1.06949 0.03985
-1.07598 0.03430
-1.08248 0.02874
-1.08897 0.02320
-1.09545 0.01766
-1.10194 0.01213
-1.10841 0.00663
-1.11489 0.00116
-1.12135 -0.00428
-1.12780 -0.00968
-1.13424 -0.01504
-1.14068 -0.02035
-1.14709 -0.02560
-1.15349 -0.03080
-1.15988 -0.03593
-1.16624 -0.04099
-1.17259 -0.04597
-1.17892 -0.05088
-1.18522 -0.05570
-1.19150 -0.06044
-1.19775 -0.06508
-1.20398 -0.06962
-1.21018 -0.07406
-1.21634 -0.07839
-1.22248 -0.08262
-1.22858 -0.08673
-1.23464 -0.09072
-1.24067 -0.09460
-1.24665 -0.09835
-1.25260 -0.10197
-1.25850 -0.10546
-1.26436 -0.10882
-1.27018 -0.11204
-1.27594 -0.11512
-1.28166 -0.11807
-1.28732 -0.12087
-1.29292 -0.12352
-1.29848 -0.12603
-1.30397 -0.12840
-1.30940 -0.13061
-1.31477 -0.13267
-1.32008 -0.13458
-1.32532 -0.13634
-1.33049 -0.13795
-1.33559 -0.13941
-1.34061 -0.14071
-1.34556 -0.14186
-1.35044 -0.14285
-1.35523 -0.14370
-1.35994 -0.14439
-1.36457 -0.14493
-1.36911 -0.14532
-1.37356 -0.14557
-1.37792 -0.14566
-1.38218 -0.14561
-1.38635 -0.14542
-1.39043 -0.14508
-1.39440 -0.14460
-1.39827 -0.14399
-1.40203 -0.14324
-1.40568 -0.14236
-1.40923 -0.14134
-1.41266 -0.14020
-1.41598 -0.13894
-1.41918 -0.13755
-1.42226 -0.13605
-1.42523 -0.13443
-1.42806 -0.13270
-1.43078 -0.13086
-1.43336 -0.12892
-1.43581 -0.12688
-1.43814 -0.12474
-1.44032 -0.12251
-1.44238 -0.12020
-1.44429 -0.11780
-1.44606 -0.11532
-1.44769 -0.11276
-1.44918 -0.11013
-1.45052 -0.10744
-1.45171 -0.10469
-1.45276 -0.10187
-1.45365 -0.09901
-1.45439 -0.09610
-1.45498 -0.09314
-1.45541 -0.09014
-1.45568 -0.08711
-1.45580 -0.08405
-1.45575 -0.08096
-1.45555 -0.07785
-1.45518 -0.07472
-1.45465 -0.07158
-1.45396 -0.06844
-1.45310 -0.06529
-1.45208 -0.06214
-1.45089 -0.05899
-1.44954 -0.05585
-1.44802 -0.05273
-1.44633 -0.04962
-1.44447 -0.04654
-1.44245 -0.04348
-1.44025 -0.04044
-1.43789 -0.03744
-1.43536 -0.03448
-1.43267 -0.03155
-1.42981 -0.02866
-1.42678 -0.02582
-1.42358 -0.02303
-1.42022 -0.02029
-1.41669 -0.01760
-1.41300 -0.01497
-1.40915 -0.01240
-1.40513 -0.00988
-1.40096 -0.00743
-1.39662 -0.00505
-1.39213 -0.00273
-1.38748 -0.00048
-1.38267 0.00170
-1.37772 0.00381
-1.37261 0.00585
-1.36735 0.00781
-1.36194 0.00970
-1.35639 0.01151
-1.35070 0.01325
-1.34487 0.01492
-1.33890 0.01650
-1.33279 0.01802
-1.32655 0.01945
-1.32019 0.02081
-1.31369 0.02210
-1.30707 0.02331
-1.30033 0.02445
-1.29348 0.02551
-1.28651 0.02651
-1.27943 0.02743
-1.27224 0.02829
-1.26495 0.02907
-1.25756 0.02980
-1.25007 0.03045
-1.24249 0.03105
-1.23482 0.03159
-1.22707 0.03206
-1.21924 0.03249
-1.21132 0.03286
-1.20334 0.03318
-1.19529 0.03345
-1.18718 0.03367
-1.17900 0.03386
-1.17077 0.03400
-1.16249 0.03411
-1.15416 0.03418
-1.14579 0.03423
-1.13738 0.03424
-1.12894 0.03424
-1.12047 0.03421
-1.11198 0.03416
-1.10347 0.03410
-1.09494 0.03403
-1.08640 0.03395
-1.07786 0.03387
-1.06932 0.03379
-1.06078 0.03371
-1.05225 0.03363
-1.04373 0.03357
-1.03523 0.03352
-1.07650 0.03386
-0.93969 -0.34202
0.93969 0.34202
0.80288 0.71790
0.80288 0.71790
0.81143 0.71781
0.81997 0.71774
0.82849 0.71766
0.83701 0.71760
0.84551 0.71755
0.85398 0.71752
0.86242 0.71751
0.87084 0.71752
0.87921 0.71756
0.88755 0.71763
0.89584 0.71773
0.90408 0.71787
0.91226 0.71805
0.92039 0.71827
0.92845 0.71853
0.93644 0.71884
0.94436 0.71921
0.95221 0.71962
0.95998 0.72009
0.96766 0.72062
0.97525 0.72120
0.98276 0.72185
0.99016 0.72256
0.99747 0.72334
1.00467 0.72418
1.01177 0.72509
1.01876 0.72608
1.02563 0.72713
1.03239 0.72826
1.03903 0.72946
1.04554 0.73073
1.05193 0.73208
1.05819 0.73350
1.06432 0.73500
1.07031 0.73658
1.07616 0.73823
1.08188 0.73996
1.08745 0.74176
1.09288 0.74364
1.09816 0.74559
1.10330 0.74762
1.10828 0.74971
1.11311 0.75188
1.11778 0.75412
1.12230 0.75643
1.12666 0.75880
1.13086 0.76124
1.13490 0.76375
1.13878 0.76631
1.14250 0.76893
1.14605 0.77161
1.14944 0.77435
1.15266 0.77713
1.15572 0.77996
1.15861 0.78284
1.16133 0.78576
1.16389 0.78872
1.16627 0.79172
1.16849 0.79475
1.17054 0.79780
1.17243 0.80089
1.17414 0.80399
1.17569 0.80711
1.17707 0.81024
1.17829 0.81339
1.17934 0.81654
1.18022 0.81969
1.18094 0.82284
1.18149 0.82598
1.18189 0.82911
1.18212 0.83222
1.18218 0.83531
1.18209 0.83838
1.18185 0.84141
1.18144 0.84442
1.18088 0.84738
1.18016 0.85030
1.17929 0.85318
1.17827 0.85600
1.17710 0.85876
1.17579 0.86146
1.17432 0.86410
1.17271 0.86667
1.17096 0.86916
1.16907 0.87157
1.16704 0.87391
1.16488 0.87615
1.16258 0.87830
1.16014 0.88036
1.15758 0.88231
1.15489 0.88417
1.15207 0.88592
1.14913 0.88755
1.14606 0.88908
1.14288 0.89048
1.13958 0.89176
1.13617 0.89293
1.13264 0.89396
1.12900 0.89486
1.12526 0.89563
1.12140 0.89627
1.11745 0.89677
1.11339 0.89713
1.10924 0.89734
1.10499 0.89742
1.10064 0.89734
1.09621 0.89713
1.09168 0.89676
1.08707 0.89624
1.08237 0.89557
1.07759 0.89475
1.07273 0.89378
1.06779 0.89266
1.06278 0.89138
1.05769 0.88995
1.05253 0.88836
1.04730 0.88663
1.04201 0.88474
1.03665 0.88270
1.03122 0.88051
1.02574 0.87817
1.02020 0.87569
1.01460 0.87305
1.00894 0.87028
1.00324 0.86736
0.99748 0.86429
0.99168 0.86109
0.98582 0.85776
0.97993 0.85429
0.97399 0.85069
0.96801 0.84696
0.96199 0.84310
0.95593 0.83913
0.94983 0.83504
0.94370 0.83083
0.93754 0.82651
0.93135 0.82209
0.92513 0.81756
0.91888 0.81293
0.91261 0.80822
0.90631 0.80341
0.89998 0.79851
0.89364 0.79354
0.88728 0.78849
0.88090 0.78337
0.87450 0.77819
0.86808 0.77294
0.86165 0.76764
0.85521 0.76229
0.84876 0.75690
0.84230 0.75146
0.83583 0.74599
0.82935 0.74050
0.82287 0.73498
0.81638 0.72944
0.80989 0.72389
0.80340 0.71834
0.79691 0.71279
0.79042 0.70724
0.78393 0.70170
0.77745 0.69617
0.77097 0.69067
0.76450 0.68520
0.75804 0.67976
0.75158 0.67436
0.74514 0.66900
0.73871 0.66369
0.73229 0.65844
0.72589 0.65324
0.71951 0.64811
0.71314 0.64305
0.70679 0.63807
0.70047 0.63316
0.69416 0.62834
0.68789 0.62360
0.68163 0.61896
0.67541 0.61442
0.66921 0.60998
0.66304 0.60565
0.65691 0.60142
0.65081 0.59731
0.64475 0.59332
0.63872 0.58944
0.63273 0.58569
0.62678 0.58207
0.62088 0.57858
0.61502 0.57522
0.60921 0.57200
0.60344 0.56892
0.59773 0.56597
0.59207 0.56317
0.58646 0.56052
0.58091 0.55801
0.57542 0.55564
0.56998 0.55343
0.56461 0.55137
0.55931 0.54946
0.55407 0.54770
0.54890 0.54609
0.54380 0.54463
0.53877 0.54333
0.53382 0.54218
0.52895 0.54119
0.52416 0.54034
0.51944 0.53965
0.51482 0.53911
0.51028 0.53872
0.50583 0.53847
0.50147 0.53838
0.49720 0.53843
0.49303 0.53862
0.48896 0.53896
0.48499 0.53944
0.48112 0.54005
0.47736 0.54080
0.47370 0.54168
0.47016 0.54270
0.46672 0.54384
0.46340 0.54510
0.46020 0.54649
0.45712 0.54799
0.45416 0.54961
0.45132 0.55134
0.44861 0.55318
0.44602 0.55512
0.44357 0.55716
0.44125 0.55930
0.43906 0.56153
0.43701 0.56384
0.43510 0.56624
0.43332 0.56872
0.43169 0.57128
0.43021 0.57391
0.42887 0.57660
0.42767 0.57935
0.42663 0.58217
0.42573 0.58503
0.42499 0.58794
0.42441 0.59090
0.42398 0.59390
0.42370 0.59693
0.42359 0.59999
0.42363 0.60308
0.42384 0.60619
0.42420 0.60932
0.42473 0.61246
0.42542 0.61560
0.42628 0.61875
0.42730 0.62190
0.42849 0.62505
0.42985 0.62819
0.43137 0.63131
0.43306 0.63442
0.43491 0.63750
0.43694 0.64056
0.43913 0.64360
0.44149 0.64660
0.44402 0.64956
0.44672 0.65249
0.44958 0.65538
0.45261 0.65822
0.45581 0.66101
0.45917 0.66375
0.46269 0.66644
0.46638 0.66907
0.47024 0.67164
0.47425 0.67416
0.47843 0.67661
0.48276 0.67899
0.48726 0.68131
0.49191 0.68356
0.49671 0.68574
0.50167 0.68785
0.50678 0.68989
0.51204 0.69185
0.51744 0.69374
0.52299 0.69555
0.52868 0.69729
0.53452 0.69896
0.54049 0.70054
0.54659 0.70206
0.55283 0.70349
0.55920 0.70485
0.56569 0.70614
0.57231 0.70735
0.57905 0.70849
0.58591 0.70955
0.59288 0.71055
0.59996 0.71147
0.60714 0.71233
0.61444 0.71311
0.62183 0.71384
0.62931 0.71449
0.63689 0.71509
0.64456 0.71563
0.65232 0.71610
0.66015 0.71653
0.66806 0.71690
0.67604 0.71722
0.68409 0.71749
0.69221 0.71771
0.70039 0.71790
0.70862 0.71804
0.71690 0.71815
0.72522 0.71822
0.73359 0.71827
0.74200 0.71828
0.75044 0.71828
0.75891 0.71825
0.76741 0.71820
0.77592 0.71814
0.78444 0.71807
0.79298 0.71799
0.80152 0.71791
0.81007 0.71783
0.81861 0.71775
0.82714 0.71767
0.83565 0.71761
0.84415 0.71756
